
 static float pm x2[512] = {0.00144211,-0.005368805,0.0028449,-0.001007284,0.003034114,0.028786278,0.028923348,0.042159617,0.044878816,0.037507649,0.040221446,0.031823262,0.020959284,0.008006085,0.003642969,0.005665666,0.006876603,0.003373125,-0.000466758,0.001043956,-0.001608526,-0.017403302,-0.020484973,-0.017525164,-0.016976516,-0.007542302,-0.004468441,-0.000750701,0.000227945,-0.003825625,-0.002967834,0.002091486,-0.007579923,-0.009820279,-0.009500918,0.005680548,0.017392219,0.002425326,0.017694236,
0.009007831,
-0.004360114,
-0.000288534,
-0.006546767,
-0.010209559,
-0.006548521,
-0.00090024,
-0.004891779,
-0.006069145,
-0.015912325,
-0.024003247,
-0.015203833,
-0.028012003,
-0.024308156,
-0.001269589,
0.001038181,
-0.001216618,
-0.002297467,
0.001584448,
-0.003181211,
0.006822875,
-0.000959502,
-0.00213188,
0.000431959,
0.017719166,
0.040080148,
0.033375414,
0.026184325,
0.00882664,
0.020220389,
0.01385683,
0.006434985,
0.004970662,
0.00070466,
0.004250432,
-0.005290975,
-0.011268727,
-0.022975912,
-0.024948875,
-0.016605925,
-0.025815985,
-0.031290827,
-0.0306369,
-0.04347708,
-0.040463068,
-0.03871366,
-0.046030729,
-0.043564766,
-0.031104872,
-0.032866781,
-0.056344626,
-0.058690659,
-0.050105084,
-0.042715415,
-0.044222936,
-0.044596355,
-0.036307079,
-0.02633298,
-0.038008992,
-0.050162666,
-0.027354465,
-0.031057109,
-0.036764833,
-0.033362369,
-0.039720623,
-0.046569437,
-0.035672356,
-0.035827525,
-0.045580068,
-0.035182828,
-0.036879188,
-0.021333454,
-0.002089022,
-0.000353838,
-0.002005391,
0.002851181,
0.000466459,
-0.006959961,
-0.005747519,
-0.009713854,
-0.005041605,
-0.010209651,
-0.007816128,
-0.004674998,
-0.022843445,
-0.015889413,
-0.003177421,
-0.004004644,
-0.017105588,
-0.001040684,
0.001649387,
0.00072638,
0.010196814,
0.01028879,
0.0254611,
0.025234677,
0.033884151,
0.024026667,
0.018583824,
0.024619318,
0.028915897,
0.040052291,
0.026838366,
0.000453607,
-0.009975766,
-0.003804303,
-0.006444543,
-0.015761691,
-0.009619733,
-0.003974139,
-0.019391347,
-0.025114501,
-0.031451109,
-0.028700944,
-0.031908595,
-0.039671136,
-0.016061942,
-0.003892243,
0.003486008,
0.002424581,
-0.006943296,
-0.012924804,
-0.004541632,
0.006097815,
0.0034647,
0.001435523,
0.001831053,
0.002761954,
0.00508249,
0.016513279,
0.021147763,
0.01340891,
0.012077652,
0.019559512,
0.016619811,
0.020869163,
0.023879023,
0.012605735,
0.018431072,
0.008517852,
-0.001025909,
-0.004511028,
-0.013129544,
-0.008275854,
-0.004631303,
-0.004648716,
-0.016599423,
-0.019243559,
-0.017642266,
-0.005580185,
-0.016202684,
-0.026164362,
-0.023638017,
-0.014306999,
0.002398097,
-0.016771293,
-0.012958818,
-0.007162303,
0.004942525,
0.00136415,
-0.011357529,
-0.00113763,
-0.016976895,
0.005348586,
0.018925003,
0.024670682,
0.030090265,
0.015481864,
0.028432353,
0.024234119,
0.044011422,
0.055728308,
0.063224069,
0.060485084,
0.040090853,
0.045333539,
0.037412485,
0.051427211,
0.039723981,
0.0321121,
0.036477301,
0.02600075,
0.02852313,
0.025599129,
0.013258158,
0.002337841,
0.010258333,
0.006006321,
-0.000273856,
0.001479797,
0.015843288,
0.015443354,
-0.002141357,
-0.006017268,
-0.007599634,
-0.00454009,
0.010757017,
0.004577441,
0.000974817,
0.003721103,
0.00415256,
-9.21E-05,
0.001451483,
0.018403427,
0.01117146,
0.021305907,
0.009906118,
-0.002725502,
-0.002411893,
0.004223507,
0.014890782,
0.026475606,
0.035847332,
0.018571815,
0.006143833,
0.003781875,
0.005709086,
-0.003876165,
-0.015089243,
-0.017879192,
-0.002343903,
-0.000401695,
-0.00691359,
-0.002198466,
-0.000726075,
-0.002486078,
-0.017240338,
-0.024077118,
-0.012705194,
-0.00166825,
0.00739266,
0.009663191,
0.01429385,
0.016849051,
0.025996529,
0.013522882,
0.013079739,
0.033243546,
0.029293957,
0.033033359,
0.034542912,
0.035756043,
0.019479876,
0.012776177,
0.014585309,
0.010901209,
0.027391764,
0.008379121,
0.001426802,
-0.005479272,
-0.032952624,
0.003854403,
-0.006276218,
-0.020307328,
0.007038607,
0.005496986,
0.00140919,
0.016482589,
0.012542767,
-0.000712283,
0.016197285,
0.004737941,
-0.004084195,
-0.003493783,
0.002865534,
0.018657287,
0.03122744,
0.025725473,
0.00491577,
0.005298367,
0.013337459,
0.014570251,
0.006693752
0.000243221,
-0.00512161,
-0.010855797,
-0.020133174,
-0.016756236,
-0.016376445,
-0.016990052,
0.001002296,
0.006015682,
-0.00774772,
-0.014976037,
-0.006437435,
-0.012556712,
-0.008017288,
-0.004413385,
-0.002643775,
-0.00384243,
0.0004456,
-0.005773126,
-0.025763786,
-0.005077846,
-0.012115355,
-0.027598889,
-0.03482478,
-0.039076875,
-0.038517896,
-0.054886157,
-0.054133628,
-0.053774075,
-0.066045122,
-0.070417455,
-0.066007005,
-0.043411356,
-0.032184411,
-0.053717968,
-0.056219413,
-0.063253719,
-0.05372609,
-0.041907077,
-0.047034799,
-0.037910493,
-0.036435017,
-0.034215057,
-0.045259531,
-0.036863364,
-0.035154292,
-0.036527178,
-0.025418337,
-0.028253403,
-0.010273898,
-0.007094997,
-0.013803891,
-0.018669474,
-0.020886297,
-0.008192011,
-0.005386785,
-0.013709298,
-0.02854526,
-0.026436333,
-0.019800945,
-0.03221226,
-0.035569654,
-0.009122984,
-0.028143625,
-0.03518706,
-0.019754704,
-0.023004999,
-0.018009862,
-0.037233582,
-0.03243836,
-0.030365978,
-0.029697016,
-0.031787754,
-0.030508383,
-0.027731749,
-0.029498546,
-0.023896262,
-0.028644061,
-0.021548042,
-0.01851535,
-0.012817467,
0.003935701,
0.003198532,
0.007863329,
0.027447781,
0.020265689,
0.006934665,
0.007638231,
0.017191474,
0.015301143,
0.005158866,
0.000830096,
-0.002067331,
0.000508825,
-0.003355122,
-0.002703616,
-0.001629957,
-0.001249827,
-0.003663787,
-0.011906126,
-0.010099292,
-0.016489415,
-0.006779237,
-0.010220202,
0.008954756,
0.020470089,
0.012821267,
0.009074237,
-0.000588755,
0.019575011,
0.001215361,
0.013158204,
0.015888944,
0.02699594,
0.032459956,
0.030154761,
0.037141046,
0.035658909,
0.052304167,
0.027693352,
0.015291867,
0.014275624,
0.031052782,
0.021539614,
0.015870234,
0.010802033,
0.001039145,
0.00093212,
0.001971755,
0.010941219,
0.011201162,
0.007855577,
-0.006059196,
-0.000560406,
-0.005234501,
-0.014803257,
-0.015772526,
-0.021177697,
-0.029966003,
-0.007551024,
0.002949262,
-0.008294035,
0.002134455,
0.008297765,
-0.001544431,
-0.016136111,
-0.00962199,
-0.001383818,
-0.002632393,
-0.002251375,
-0.005181319,
0.008425984,
0.01444438,
-0.000337044,
-0.002626573,
0.01023268,
0.00751292,
-0.002486954,
0.002673294,
-0.005399009,
-0.007753724,
-0.004290687,
-0.001413824,
0.006074526,
0.009583348,
0.017352027,
0.030824676,
0.028488116,
0.030438153,
0.025091792,
0.021135138,
0.036203509,
0.038249924,
0.052457082,
0.041781074,
0.040107194,
0.027293595,
0.009054619,
0.017170831,
0.030150791,
0.039873655,
0.034062587,
0.037564134,
0.037161146,
0.043287575,
0.040819714,
0.0380589,
0.040197088,
0.028759199,
0.023013537,
0.027629036,
0.021090562,
0.034408591,
0.036018579,
0.033445226,
0.038189565,
0.033893633,
0.034651416,
0.032485129,
0.02344632,

}